00 0
10 0
A4 0
7B 0
EA 0
80 0
00 0
12 0
34 0
56 0
78 0
90 0
08 0
00 0
45 0
00 0
00 0
2E 0
B3 0
FE 0
00 0
00 0
80 0
11 0
05 0
40 0
C0 0
A8 0
00 0
2C 0
C0 0
A8 0
00 0
04 0
04 0
00 0 
04 0
00 0
00 0
1A 0
2D 0
E8 0
00 0
01 0
02 0
03 0
04 0
05 0
06 0
07 0
08 0
09 0
0A 0
0B 0
0C 0
0D 0
0E 0
0F 0
10 0
11 0
E6 0
C5 0
3D 0
B2 1
00 0
10 0
A4 0
7B 0
EA 0
80 0
00 0
12 0
34 0
56 0
78 0
90 0
08 0
00 0
45 0
00 0
00 0
2E 0
B3 0
FE 0
00 0
00 0
80 0
11 0
05 0
40 0
C0 0
A8 0
00 0
2C 0
C0 0
A8 0
00 0
04 0
04 0
00 0 
04 0
00 0
00 0
1A 0
2D 0
E8 0
00 0
01 0
02 0
03 0
04 0
05 0
06 0
07 0
08 0
09 0
0A 0
0B 0
0C 0
0D 0
0E 0
0F 0
10 0
11 0
E6 0
C5 0
3D 0
B2 1
00 0
10 0
A4 0
7B 0
EA 0
80 0
00 0
12 0
34 0
56 0
78 0
90 0
08 0
00 0
45 0
00 0
00 0
2E 0
B3 0
FE 0
00 0
00 0
80 0
11 0
05 0
40 0
C0 0
A8 0
00 0
2C 0
C0 0
A8 0
00 0
04 0
04 0
00 0 
04 0
00 0
00 0
1A 0
2D 0
E8 0
00 0
01 0
02 0
03 0
04 0
05 0
06 0
07 0
08 0
09 0
0A 0
0B 0
0C 0
0D 0
0E 0
0F 0
10 0
11 0
E6 0
C5 0
3D 0
B2 1
00 0
10 0
A4 0
7B 0
EA 0
80 0
00 0
12 0
34 0
56 0
78 0
90 0
08 0
00 0
45 0
00 0
00 0
2E 0
B3 0
FE 0
00 0
00 0
80 0
11 0
05 0
40 0
C0 0
A8 0
00 0
2C 0
C0 0
A8 0
00 0
04 0
04 0
00 0 
04 0
00 0
00 0
1A 0
2D 0
E8 0
00 0
01 0
02 0
03 0
04 0
05 0
06 0
07 0
08 0
09 0
0A 0
0B 0
0C 0
0D 0
0E 0
0F 0
10 0
11 0
E6 0
C5 0
3D 0
B2 1
00 0 
21 0
a3 0
00 0
4d 0
31 0
aa 0
08 0
00 0
7e 0
93 0
40 0
00 0
80 0
06 0