FF 0
FF 0
FF 0
FF 0
00 1
10 1
A4 1
7B 1
EA 1
80 1
00 1
12 1
34 1
56 1
78 1
90 1
08 1
00 1
45 1
00 1
00 1
2E 1
B3 1
FE 1
00 1
00 1
80 1
11 1
05 1
40 1
C0 1
A8 1
00 1
2C 1
C0 1
A8 1
00 1
04 1
04 1
00 1
04 1
00 1
00 1
1A 1
2D 1
E8 1
00 1
01 1
02 1
03 1
04 1
05 1
06 1
07 1
08 1
09 1
0A 1
0B 1
0C 1
0D 1
0E 1
0F 1
10 1
11 1
E6 1
C5 1
3D 1
B2 1
FF 0
FF 0
FF 0
FF 0
FF 0
FF 0
00 1
10 1
A4 1
7B 1
EA 1
80 1
00 1
12 1
34 1
56 1
78 1
90 1
08 1
00 1
45 1
00 1
00 1
2E 1
B3 1
FE 1
00 1
00 1
80 1
11 1
05 1
47 1
C0 1
A8 1
00 1
2C 1
C0 1
A8 1
00 1
04 1
04 1
00 1 
04 1
00 1
00 1
1A 1
2D 1
E8 1
00 1
01 1
02 1
03 1
04 1
05 1
06 1
07 1
08 1
09 1
0A 1
0B 1
0C 1
0D 1
0E 1
0F 1
10 1
11 1
E6 1
C5 1
3D 1
B2 1
FF 0
FF 0
FF 0
FF 0
FF 0
FF 0
00 1
10 1
A4 1
7B 1
EA 1
80 1
00 1
12 1
34 1
56 1
78 1
90 1
08 1
00 1
45 1
00 1
00 1
2E 1
B3 1
FE 1
00 1
00 1
80 1
11 1
05 1
40 1
C0 1
A8 1
00 1
2C 1
C0 1
A8 1
00 1
04 1
04 1
00 1 
04 1
00 1
00 1
1A 1
2D 1
E8 1
00 1
01 1
02 1
03 1
04 1
05 1
06 1
07 1
08 1
09 1
0A 1
0B 1
0C 1
0D 1
0E 1
0F 1
10 1
11 1
E6 1
C5 1
3D 1
B2 1
FF 0
FF 0
FF 0
FF 0
FF 0
FF 0
00 1
10 1
A4 1
7B 1
EA 1
80 1
00 1
12 1
34 1
56 1
78 1
90 1
08 1
00 1
45 1
00 1
00 1
2E 1
B3 1
FE 1
00 1
00 1
80 1
11 1
05 1
40 1
C0 1
A8 1
00 1
2C 1
C0 1
A8 1
00 1
04 1
04 1
00 1 
04 1
00 1
00 1
1A 1
2D 1
E8 1
00 1
01 1
02 1
03 1
04 1
05 1
06 1
07 1
08 1
09 1
0A 1
0B 1
0C 1
0D 1
0E 1
0F 1
10 1
11 1
E6 1
C5 1
3D 1
B2 1
FF 0
FF 0
FF 0
FF 0
FF 0
FF 0
00 1
10 1
A4 1
7B 1
EA 1
80 1
00 1
12 1
34 1
56 1
78 1
90 1
08 1
00 1
45 1
00 1
00 1
2E 1
B3 1
FE 1
00 1
00 1
80 1
11 1
05 1
40 1
C0 1
A8 1
00 1
2C 1
C0 1
A8 1
00 1
04 1
04 1
00 1 
04 1
00 1
00 1
1A 1
2D 1
E8 1
00 1
01 1
02 1
03 1
04 1
05 1
06 1
07 1
08 1
09 1
0A 1
0B 1
0C 1
0D 1
0E 1
0F 1
10 1
11 1
E6 1
C5 1
3D 1
B2 1
FF 0
FF 0
FF 0
FF 0
00 1 
21 1
a3 1
00 1
4d 1
31 1
aa 1
08 1
00 1
7e 1
93 1
40 1
00 1
80 1
06 1